0
0
0
0
0
0
-60
60 
0
0
0
0
0
0
-60
-45
0
0
0
0
0
0
-60
60
0
0
0
90
0
50
-60
60 
0
0
0
180
0
0
-60
60
-10
0
30
180
50
0
-60
60
-15
0
80
180
20
0
-60
60
-15
0
80
270
0
0
-60
60
-15
0
80
270
0
0
-60
-45
-15
0
80
270
50
0
-60
60
-12
0
110
90
0
0
-60
60
-15
0
140
90
0
50
-60
60
-15
0
170
270
0
0
-60
60
-15
0
170
270
0
0
-60
-45
-15
0
170
270
0
0
-60
60
-15
0
210
180
0
50
-60
60
-15
0
210
180
0
0
-60
-45
-15
0
210
180
0
0
-60
60
-60
0
225
0
0
50
-60
60
-60
0
225
90
0
0
-60
-45
-60
0
225
90
0
0
-60
60
-65
0
170
90
50
0
-60
60
-65
0
170
0
50
0
-60
-45
-65
0
130
0
0
0
-60
60